0000000000 0.0 0.0 0.0 0.0 0.0 0.0 1.0
0000000001 0.0005980370321692013 0.015520675785114683 -0.004290527814647049 0.007366819607149127 0.011068756211454839 -0.0013033543312730752 0.9999107529536294
0000000002 0.0012422899216094343 0.031068317296318867 -0.008365332988257283 0.014772999157355039 0.022148718782088513 -0.0025779226682763113 0.9996422095264511
0000000003 0.001926690060459109 0.0467131039764152 -0.012128405833207309 0.02211581657547636 0.03321958608207372 -0.0038565980057986404 0.9991959149283773
0000000004 0.0024673497617206663 0.06238758708449326 -0.015682726065203455 0.029457288511282865 0.04432245926555849 -0.00515118036186296 0.9985696035325207
0000000005 0.0030669590183773155 0.07828515602476875 -0.018926184105460885 0.036720287325431214 0.055410376725174036 -0.006509069799368519 0.9977669781368088
0000000006 0.0035264250298390476 0.09409267624152978 -0.021988148473080803 0.04404789623327007 0.06637785355398212 -0.007879307308889727 0.99679069012071
0000000007 0.004061556509146329 0.1099720577125694 -0.024608499051290963 0.05131051479695584 0.07733975336496507 -0.009281755943977975 0.995640317899649
0000000008 0.004657083997279101 0.1259567992295455 -0.0267053448345849 0.05857393714941751 0.0882303471549665 -0.010696938783019427 0.9943189001665423
0000000009 0.005156657395744193 0.1419258386848246 -0.028450667816955523 0.06585610404598771 0.09908016954282543 -0.01210371530006679 0.992824049688153
